100
2234 17624
3132 10484
1900 10742
15844 17001
4469 17023
11907 19956
7256 11087
10919 15898
4321 10975
2625 12021
3458 12252
816 15340
17022 18674
7268 7632
144 11990
6739 15698
3195 15154
14067 18843
3659 5895
40 11889
8128 11947
8186 11845
7741 19203
12495 19105
97 18715
2172 4093
4907 12348
6483 19993
1929 14115
7260 11045
11930 15076
7243 17784
5598 7084
1310 12977
1349 9258
4864 17385
5680 13296
1470 5571
13420 13647
1107 13965
13742 18057
6090 12251
2963 18734
13864 15055
1820 11288
4908 5868
3217 11664
10299 13110
14418 17262
6518 12248
4740 6084
7007 12875
11763 18444
8476 14156
1062 11413
4235 14804
16484 18441
9865 10377
4190 4921
4240 6010
16206 18120
8395 11877
13957 18756
4989 7667
8885 17349
479 2089
13352 14968
9094 15703
768 6543
1829 18831
3065 6927
5367 5605
8521 15470
4715 12712
9361 17927
14539 18720
16045 19568
2934 3774
13525 19572
8761 10874
8456 9240
12395 12961
11026 11564
12330 17071
6540 15901
13465 14159
7937 19763
7804 16458
4204 12519
2537 9169
10444 16861
6048 15463
16427 17954
9952 19235
16968 17525
5980 9798
6207 11730
6743 7348
2755 4418
18266 19073
